    50     25     40     26      1     20     12 
16 8 24 16 12 17 63    50      1    1.100   -1.910  333.590   24.570 
-0.90     4.85     0.04     0.07     0.00   580.81     0.00     9.09    19.61    17.67    18.33    18.00 
0.00         0.00         0.00         0.00         0.00
44.45045590   -88.06790577  -32768   -32768         0.0
-0.0          -0.0          -0.0           0.0           0.0           0.0           0.0  4.52  12.72
26 ft BT dB 0.43  0.073
  4.52      0.24     85.97    0.2    0.0   -0.0   -0.3   84.8   83.6   81.0   81.8  100 2147483647
  6.16      0.42    358.77   -0.0    0.4   -0.0    0.0   86.8   85.5   83.8   84.3  100 2147483647
  7.80      0.40    318.87   -0.3    0.3    0.1    0.1   85.8   84.9   84.1   84.9  100 2147483647
  9.44      0.34    247.48   -0.3   -0.1    0.0   -0.7   86.4   84.7   83.9   84.7  100 2147483647
 11.08      0.16     56.61    0.1    0.1   -0.0   -0.2   85.9   84.2   83.3   84.2  100 2147483647
 12.72      0.48    336.73   -0.2    0.4    0.0   -0.2   86.0   84.7   83.4   83.8  100 2147483647
 14.36    -32768    -32768 -32768 -32768 -32768 -32768    255    255    255    255    0 2147483647
 16.00    -32768    -32768 -32768 -32768 -32768 -32768    255    255    255    255    0 2147483647
 17.64    -32768    -32768 -32768 -32768 -32768 -32768    255    255    255    255    0 2147483647
 19.28    -32768    -32768 -32768 -32768 -32768 -32768    255    255    255    255    0 2147483647
 20.92    -32768    -32768 -32768 -32768 -32768 -32768    255    255    255    255    0 2147483647
 22.56    -32768    -32768 -32768 -32768 -32768 -32768    255    255    255    255    0 2147483647
 24.20    -32768    -32768 -32768 -32768 -32768 -32768    255    255    255    255    0 2147483647
 25.84    -32768    -32768 -32768 -32768 -32768 -32768    255    255    255    255    0 2147483647
 27.48    -32768    -32768 -32768 -32768 -32768 -32768    255    255    255    255    0 2147483647
 29.12    -32768    -32768 -32768 -32768 -32768 -32768    255    255    255    255    0 2147483647
 30.76    -32768    -32768 -32768 -32768 -32768 -32768    255    255    255    255    0 2147483647
 32.40    -32768    -32768 -32768 -32768 -32768 -32768    255    255    255    255    0 2147483647
 34.04    -32768    -32768 -32768 -32768 -32768 -32768    255    255    255    255    0 2147483647
 35.68    -32768    -32768 -32768 -32768 -32768 -32768    255    255    255    255    0 2147483647
 37.32    -32768    -32768 -32768 -32768 -32768 -32768    255    255    255    255    0 2147483647
 38.96    -32768    -32768 -32768 -32768 -32768 -32768    255    255    255    255    0 2147483647
 40.60    -32768    -32768 -32768 -32768 -32768 -32768    255    255    255    255    0 2147483647
 42.24    -32768    -32768 -32768 -32768 -32768 -32768    255    255    255    255    0 2147483647
 43.89    -32768    -32768 -32768 -32768 -32768 -32768    255    255    255    255    0 2147483647
 45.53    -32768    -32768 -32768 -32768 -32768 -32768    255    255    255    255    0 2147483647
16 8 24 16 12 18 21    51      1    0.120   -2.210  331.250   24.570 
-1.30     4.71    -0.01    -0.13     0.00   581.10     0.30     9.09    19.44    17.38    18.59    16.03 
2.83         0.58         2.73        -0.75         2.83
44.45046293   -88.06790798    -0.96     4.27          2.5
1.7           0.7           0.6          -0.0           0.0          -0.0           0.0  4.52  12.72
26 ft BT dB 0.43  0.073
  4.52      0.31    298.40   -0.3    0.1    0.0    0.1   85.7   84.0   81.4   82.3  100       1.04
  6.16      0.38    225.30   -0.3   -0.3   -0.0    0.2   86.8   85.1   84.3   84.3  100       1.55
  7.80      0.22    215.45   -0.1   -0.2   -0.0    0.2   86.2   84.9   84.9   84.9  100       0.79
  9.44      0.30    138.12    0.2   -0.2    0.1    0.4   86.4   85.1   83.9   84.7  100      -0.63
 11.08      0.34     71.70    0.3    0.1    0.1    0.1   86.3   84.6   83.8   84.2  100      -1.60
 12.72      0.23    195.68   -0.1   -0.2    0.0    0.0   86.0   84.7   83.0   84.2  100       0.56
 14.36    -32768    -32768 -32768 -32768 -32768 -32768    255    255    255    255    0 2147483647
 16.00    -32768    -32768 -32768 -32768 -32768 -32768    255    255    255    255    0 2147483647
 17.64    -32768    -32768 -32768 -32768 -32768 -32768    255    255    255    255    0 2147483647
 19.28    -32768    -32768 -32768 -32768 -32768 -32768    255    255    255    255    0 2147483647
 20.92    -32768    -32768 -32768 -32768 -32768 -32768    255    255    255    255    0 2147483647
 22.56    -32768    -32768 -32768 -32768 -32768 -32768    255    255    255    255    0 2147483647
 24.20    -32768    -32768 -32768 -32768 -32768 -32768    255    255    255    255    0 2147483647
 25.84    -32768    -32768 -32768 -32768 -32768 -32768    255    255    255    255    0 2147483647
 27.48    -32768    -32768 -32768 -32768 -32768 -32768    255    255    255    255    0 2147483647
 29.12    -32768    -32768 -32768 -32768 -32768 -32768    255    255    255    255    0 2147483647
 30.76    -32768    -32768 -32768 -32768 -32768 -32768    255    255    255    255    0 2147483647
 32.40    -32768    -32768 -32768 -32768 -32768 -32768    255    255    255    255    0 2147483647
 34.04    -32768    -32768 -32768 -32768 -32768 -32768    255    255    255    255    0 2147483647
 35.68    -32768    -32768 -32768 -32768 -32768 -32768    255    255    255    255    0 2147483647
 37.32    -32768    -32768 -32768 -32768 -32768 -32768    255    255    255    255    0 2147483647
 38.96    -32768    -32768 -32768 -32768 -32768 -32768    255    255    255    255    0 2147483647
 40.60    -32768    -32768 -32768 -32768 -32768 -32768    255    255    255    255    0 2147483647
 42.24    -32768    -32768 -32768 -32768 -32768 -32768    255    255    255    255    0 2147483647
 43.89    -32768    -32768 -32768 -32768 -32768 -32768    255    255    255    255    0 2147483647
 45.53    -32768    -32768 -32768 -32768 -32768 -32768    255    255    255    255    0 2147483647
16 8 24 16 12 18 79    52      1    0.580   -2.280  330.630   24.570 
-1.46     4.89     0.03     0.20     0.00   581.14     0.33     9.09    19.64    17.64    19.64    18.16 
5.79         1.16         5.57        -1.60         5.79
44.45047090   -88.06791080    -1.23     4.84          5.4
9.6           4.0           3.8          -0.0           0.0          -0.0           0.0  4.52  12.72
26 ft BT dB 0.43  0.073
  4.52      0.43    234.53   -0.4   -0.3   -0.1   -0.1   85.7   83.1   81.4   82.3  100       1.98
  6.16      0.53    197.12   -0.2   -0.5   -0.2   -0.5   86.8   84.7   83.8   85.1  100       1.44
  7.80      0.27    215.01   -0.2   -0.2    0.1   -0.0   86.6   85.3   83.6   85.3  100       1.01
  9.44      0.25    247.47   -0.2   -0.1    0.0    0.4   86.9   84.7   83.4   85.1  100       1.20
 11.08      0.32    219.80   -0.2   -0.2    0.1   -0.2   86.7   84.6   83.3   84.6  100       1.31
 12.72      0.40    193.66   -0.1   -0.4    0.1    0.4   86.0   84.2   82.5   84.7  100       0.99
 14.36    -32768    -32768 -32768 -32768 -32768 -32768    255    255    255    255    0 2147483647
 16.00    -32768    -32768 -32768 -32768 -32768 -32768    255    255    255    255    0 2147483647
 17.64    -32768    -32768 -32768 -32768 -32768 -32768    255    255    255    255    0 2147483647
 19.28    -32768    -32768 -32768 -32768 -32768 -32768    255    255    255    255    0 2147483647
 20.92    -32768    -32768 -32768 -32768 -32768 -32768    255    255    255    255    0 2147483647
 22.56    -32768    -32768 -32768 -32768 -32768 -32768    255    255    255    255    0 2147483647
 24.20    -32768    -32768 -32768 -32768 -32768 -32768    255    255    255    255    0 2147483647
 25.84    -32768    -32768 -32768 -32768 -32768 -32768    255    255    255    255    0 2147483647
 27.48    -32768    -32768 -32768 -32768 -32768 -32768    255    255    255    255    0 2147483647
 29.12    -32768    -32768 -32768 -32768 -32768 -32768    255    255    255    255    0 2147483647
 30.76    -32768    -32768 -32768 -32768 -32768 -32768    255    255    255    255    0 2147483647
 32.40    -32768    -32768 -32768 -32768 -32768 -32768    255    255    255    255    0 2147483647
 34.04    -32768    -32768 -32768 -32768 -32768 -32768    255    255    255    255    0 2147483647
 35.68    -32768    -32768 -32768 -32768 -32768 -32768    255    255    255    255    0 2147483647
 37.32    -32768    -32768 -32768 -32768 -32768 -32768    255    255    255    255    0 2147483647
 38.96    -32768    -32768 -32768 -32768 -32768 -32768    255    255    255    255    0 2147483647
 40.60    -32768    -32768 -32768 -32768 -32768 -32768    255    255    255    255    0 2147483647
 42.24    -32768    -32768 -32768 -32768 -32768 -32768    255    255    255    255    0 2147483647
 43.89    -32768    -32768 -32768 -32768 -32768 -32768    255    255    255    255    0 2147483647
 45.53    -32768    -32768 -32768 -32768 -32768 -32768    255    255    255    255    0 2147483647